%YAML:1.0
rotation: !!opencv-matrix
   rows: 3
   cols: 3
   dt: d
   data: [ 9.9999466108009127e-01, 2.9917559056558954e-03,
       1.3142328234849354e-03, -2.9912577978593200e-03,
       9.9999545366895481e-01, -3.8081256280353892e-04,
       -1.3153661467811628e-03, 3.7687932049432151e-04,
       9.9999906388650073e-01 ]
translation: !!opencv-matrix
   rows: 3
   cols: 1
   dt: d
   data: [ -5.2150575616978126e-02, 6.3109753303274441e-04,
       -7.5796389793281117e-04 ]
essential: !!opencv-matrix
   rows: 3
   cols: 3
   dt: d
   data: [ -3.0973897504557457e-06, 7.5819829958742591e-04,
       6.3080830007934002e-04, -8.2655695292599060e-04,
       1.7386830533999998e-05, 5.2149530657086614e-02,
       -4.7509834767642305e-04, -5.2152226612968672e-02,
       1.9030185259649187e-05 ]
fundamental: !!opencv-matrix
   rows: 3
   cols: 3
   dt: d
   data: [ -2.5961749296568511e-09, 6.3600339392077802e-07,
       6.3569700279465574e-05, -6.9208903842289311e-07,
       1.4569617177562754e-08, 1.6212031165141368e-02,
       -5.1365872513624041e-05, -4.6914339754457593e-02, 1. ]
