%YAML:1.0
cameraMatrix: !!opencv-matrix
   rows: 3
   cols: 3
   dt: d
   data: [ 1.0582854982177009e+03, 0., 9.5857576622458146e+02, 0.,
       1.0593799583771420e+03, 5.3110874137837084e+02, 0., 0., 1. ]
distortionCoefficients: !!opencv-matrix
   rows: 1
   cols: 5
   dt: d
   data: [ 4.9043406530827983e-02, -5.3255760435332165e-02,
       2.9111388776661436e-04, 1.7110212122054591e-04,
       9.5763441307603805e-03 ]
rotation: !!opencv-matrix
   rows: 3
   cols: 3
   dt: d
   data: [ 1., 0., 0., 0., 1., 0., 0., 0., 1. ]
projection: !!opencv-matrix
   rows: 4
   cols: 4
   dt: d
   data: [ 1.0582854982177009e+03, 0., 9.5857576622458146e+02, 0., 0.,
       1.0593799583771420e+03, 5.3110874137837084e+02, 0., 0., 0., 1.,
       0., 0., 0., 0., 1. ]
