%YAML:1.0
cameraMatrix: !!opencv-matrix
   rows: 3
   cols: 3
   dt: d
   data: [ 3.6735326304163624e+02, 0., 2.5189363853512600e+02, 0.,
       3.6706702303103532e+02, 2.0647002975412633e+02, 0., 0., 1. ]
distortionCoefficients: !!opencv-matrix
   rows: 1
   cols: 5
   dt: d
   data: [ 1.2265430970568696e-01, -3.3509753688699739e-01,
       -7.6080630099406013e-04, 2.7528696154585267e-04,
       1.4705644972141083e-01 ]
rotation: !!opencv-matrix
   rows: 3
   cols: 3
   dt: d
   data: [ 1., 0., 0., 0., 1., 0., 0., 0., 1. ]
projection: !!opencv-matrix
   rows: 4
   cols: 4
   dt: d
   data: [ 3.6735326304163624e+02, 0., 2.5189363853512600e+02, 0., 0.,
       3.6706702303103532e+02, 2.0647002975412633e+02, 0., 0., 0., 1.,
       0., 0., 0., 0., 1. ]
