%YAML:1.0
depthShift: -1.7332502608093911e+01
