%YAML:1.0
cameraMatrix: !!opencv-matrix
   rows: 3
   cols: 3
   dt: d
   data: [ 1.0700016292741097e+03, 0., 9.2726881773877119e+02, 0.,
       1.0691225545678490e+03, 5.4576099988165549e+02, 0., 0., 1. ]
distortionCoefficients: !!opencv-matrix
   rows: 1
   cols: 5
   dt: d
   data: [ 3.5321295653368376e-02, 2.5428166340122748e-03,
       2.3872136896159945e-03, -2.4103515597419067e-03,
       -4.0612086782529380e-02 ]
rotation: !!opencv-matrix
   rows: 3
   cols: 3
   dt: d
   data: [ 1., 0., 0., 0., 1., 0., 0., 0., 1. ]
projection: !!opencv-matrix
   rows: 4
   cols: 4
   dt: d
   data: [ 1.0700016292741097e+03, 0., 9.2726881773877119e+02, 0., 0.,
       1.0691225545678490e+03, 5.4576099988165549e+02, 0., 0., 0., 1.,
       0., 0., 0., 0., 1. ]
