%YAML:1.0
cameraMatrix: !!opencv-matrix
   rows: 3
   cols: 3
   dt: d
   data: [ 3.7020151589239532e+02, 0., 2.5896654912223892e+02, 0.,
       3.6983409718909991e+02, 2.1175843885743734e+02, 0., 0., 1. ]
distortionCoefficients: !!opencv-matrix
   rows: 1
   cols: 5
   dt: d
   data: [ 1.2027554691283998e-01, -3.2049987990948853e-01,
       1.4986125390342889e-03, -9.5110152579612830e-04,
       1.1778684037757857e-01 ]
rotation: !!opencv-matrix
   rows: 3
   cols: 3
   dt: d
   data: [ 1., 0., 0., 0., 1., 0., 0., 0., 1. ]
projection: !!opencv-matrix
   rows: 4
   cols: 4
   dt: d
   data: [ 3.7020151589239532e+02, 0., 2.5896654912223892e+02, 0., 0.,
       3.6983409718909991e+02, 2.1175843885743734e+02, 0., 0., 0., 1.,
       0., 0., 0., 0., 1. ]
