%YAML:1.0
depthShift: -1.0637161030743842e+01
