%YAML:1.0
rotation: !!opencv-matrix
   rows: 3
   cols: 3
   dt: d
   data: [ 9.9984512683582316e-01, -1.0791353332317646e-02,
       1.3902123431827430e-02, 1.0798687469717818e-02,
       9.9994159004744232e-01, -4.5259509957674098e-04,
       -1.3896427295821318e-02, 6.0264969084730462e-04,
       9.9990325838141070e-01 ]
translation: !!opencv-matrix
   rows: 3
   cols: 1
   dt: d
   data: [ -5.1886665831648547e-02, 4.8535346069364506e-05,
       1.3656466664660474e-03 ]
essential: !!opencv-matrix
   rows: 3
   cols: 3
   dt: d
   data: [ -1.5421659453159265e-05, -1.3655376492977447e-03,
       4.9148735670422812e-05, 6.4439588509358401e-04,
       1.6532307417603537e-05, 5.1900631620134266e-02,
       -6.0883571740840314e-04, -5.1883111371890403e-02,
       2.2808906316917290e-05 ]
fundamental: !!opencv-matrix
   rows: 3
   cols: 3
   dt: d
   data: [ -1.2292333036396564e-08, -1.0895273382300374e-06,
       2.4840277457099973e-04, 5.1405893868189085e-07,
       1.3201548423647738e-08, 1.5191568669849912e-02,
       -7.8841849284506309e-04, -4.3290920507698151e-02,
       9.9999999999999989e-01 ]
