%YAML:1.0
depthShift: -8.8967818242256875e+00
