%YAML:1.0
rotation: !!opencv-matrix
   rows: 3
   cols: 3
   dt: d
   data: [ 9.9985303219719812e-01, -1.1187853468956859e-02,
       1.2990224818146667e-02, 1.1191766941282646e-02,
       9.9993734408339985e-01, -2.2860483051030984e-04,
       -1.2986853306357800e-02, 3.7395480164020497e-04,
       9.9991559733759805e-01 ]
translation: !!opencv-matrix
   rows: 3
   cols: 1
   dt: d
   data: [ -5.1937456813963244e-02, -1.7738791475436100e-04,
       1.0743282097803342e-03 ]
essential: !!opencv-matrix
   rows: 3
   cols: 3
   dt: d
   data: [ -9.7199201150713228e-06, -1.0743272318240963e-03,
       -1.7712734612376852e-04, 3.9966618537562069e-04,
       7.4028347719732134e-06, 5.1947028919303286e-02,
       -4.0391006774252302e-04, -5.1936187214998118e-02,
       1.4177462404773990e-05 ]
fundamental: !!opencv-matrix
   rows: 3
   cols: 3
   dt: d
   data: [ -7.4904766535272389e-09, -8.2873291337139818e-07,
       1.2689849611454969e-04, 3.0824859930952492e-07,
       5.7152207096549516e-09, 1.4751062574414933e-02,
       -4.9433931591587126e-04, -4.2102590245482144e-02,
       9.9999999999999989e-01 ]
