%YAML:1.0
cameraMatrix: !!opencv-matrix
   rows: 3
   cols: 3
   dt: d
   data: [ 1.0630462958838500e+03, 0., 9.6260473585485727e+02, 0.,
       1.0636103172708376e+03, 5.3489949221354482e+02, 0., 0., 1. ]
distortionCoefficients: !!opencv-matrix
   rows: 1
   cols: 5
   dt: d
   data: [ 4.3487768828502985e-02, -5.5330624627753559e-02,
       3.0429874115021904e-05, 3.9090229974945772e-04,
       1.2007290730693641e-02 ]
rotation: !!opencv-matrix
   rows: 3
   cols: 3
   dt: d
   data: [ 1., 0., 0., 0., 1., 0., 0., 0., 1. ]
projection: !!opencv-matrix
   rows: 4
   cols: 4
   dt: d
   data: [ 1.0630462958838500e+03, 0., 9.6260473585485727e+02, 0., 0.,
       1.0636103172708376e+03, 5.3489949221354482e+02, 0., 0., 0., 1.,
       0., 0., 0., 0., 1. ]
