%YAML:1.0
cameraMatrix: !!opencv-matrix
   rows: 3
   cols: 3
   dt: d
   data: [ 3.6138725988969895e+02, 0., 2.5069919309288579e+02, 0.,
       3.6211659144556728e+02, 2.0748182063182401e+02, 0., 0., 1. ]
distortionCoefficients: !!opencv-matrix
   rows: 1
   cols: 5
   dt: d
   data: [ 1.0250929740728383e-01, -2.8427267920255705e-01,
       1.2903071051681659e-03, -7.9920367193955517e-04,
       9.7082058872726432e-02 ]
rotation: !!opencv-matrix
   rows: 3
   cols: 3
   dt: d
   data: [ 1., 0., 0., 0., 1., 0., 0., 0., 1. ]
projection: !!opencv-matrix
   rows: 4
   cols: 4
   dt: d
   data: [ 3.6138725988969895e+02, 0., 2.5069919309288579e+02, 0., 0.,
       3.6211659144556728e+02, 2.0748182063182401e+02, 0., 0., 0., 1.,
       0., 0., 0., 0., 1. ]
