%YAML:1.0
rotation: !!opencv-matrix
   rows: 3
   cols: 3
   dt: d
   data: [ 9.9996440318804414e-01, 8.3213667967561404e-03,
       1.3954251727118321e-03, -8.3261638904585031e-03,
       9.9995932351029326e-01, 3.4678984567083947e-03,
       -1.3665107566420023e-03, -3.4793935492640118e-03,
       9.9999301321003309e-01 ]
translation: !!opencv-matrix
   rows: 3
   cols: 1
   dt: d
   data: [ -5.1246165866650886e-02, -4.2578786870116396e-04,
       5.6821384317962504e-03 ]
essential: !!opencv-matrix
   rows: 3
   cols: 3
   dt: d
   data: [ 4.7892259534036259e-05, -5.6804258187871035e-03,
       -4.4548997290918456e-04, 5.6119077288895479e-03,
       -1.3102242086001733e-04, 5.1253736819455928e-02,
       8.5245668777382435e-04, -5.1240538215479428e-02,
       -1.7712234441096011e-04 ]
fundamental: !!opencv-matrix
   rows: 3
   cols: 3
   dt: d
   data: [ 5.6124475662516841e-08, -6.6434286712953927e-06,
       1.1756525344906047e-03, 6.5730529104047499e-06,
       -1.5315339921436227e-07, 2.0078683932633606e-02,
       -2.5079802530330276e-03, -5.7228628837666232e-02, 1. ]
