%YAML:1.0
depthShift: -5.0541919664725668e+01
